(kicad_pcb (version 20171130) (host pcbnew 5.99.0+really5.1.12+dfsg1-1~bpo11+1)

  (general
    (thickness 1.6)
    (drawings 234)
    (tracks 1904)
    (zones 0)
    (modules 144)
    (nets 123)
  )

  (page A4)
  (layers
    (0 F.Cu signal hide)
    (31 B.Cu signal hide)
    (32 B.Adhes user)
    (33 F.Adhes user)
    (34 B.Paste user)
    (35 F.Paste user)
    (36 B.SilkS user)
    (37 F.SilkS user)
    (38 B.Mask user)
    (39 F.Mask user)
    (40 Dwgs.User user)
    (41 Cmts.User user)
    (42 Eco1.User user)
    (43 Eco2.User user)
    (44 Edge.Cuts user)
    (45 Margin user)
    (46 B.CrtYd user)
    (47 F.CrtYd user)
    (48 B.Fab user)
    (49 F.Fab user)
  )

  (setup
    (last_trace_width 0.25)
    (user_trace_width 0.3)
    (user_trace_width 0.4)
    (user_trace_width 0.5)
    (trace_clearance 0.2)
    (zone_clearance 0.508)
    (zone_45_only no)
    (trace_min 0.2)
    (via_size 0.8)
    (via_drill 0.4)
    (via_min_size 0.4)
    (via_min_drill 0.3)
    (uvia_size 0.3)
    (uvia_drill 0.1)
    (uvias_allowed no)
    (uvia_min_size 0.2)
    (uvia_min_drill 0.1)
    (edge_width 0.05)
    (segment_width 0.2)
    (pcb_text_width 0.3)
    (pcb_text_size 1.5 1.5)
    (mod_edge_width 0.12)
    (mod_text_size 1 1)
    (mod_text_width 0.15)
    (pad_size 1.524 1.524)
    (pad_drill 0.762)
    (pad_to_mask_clearance 0)
    (aux_axis_origin 0 0)
    (visible_elements FFFF7F7F)
    (pcbplotparams
      (layerselection 0x010fc_ffffffff)
      (usegerberextensions true)
      (usegerberattributes true)
      (usegerberadvancedattributes true)
      (creategerberjobfile false)
      (excludeedgelayer true)
      (linewidth 0.100000)
      (plotframeref false)
      (viasonmask false)
      (mode 1)
      (useauxorigin false)
      (hpglpennumber 1)
      (hpglpenspeed 20)
      (hpglpendiameter 15.000000)
      (psnegative false)
      (psa4output false)
      (plotreference true)
      (plotvalue true)
      (plotinvisibletext false)
      (padsonsilk false)
      (subtractmaskfromsilk false)
      (outputformat 1)
      (mirror false)
      (drillshape 0)
      (scaleselection 1)
      (outputdirectory ""))
  )

  (net 0 "")
  (net 1 GND)
  (net 2 /IO9)
  (net 3 /RST)
  (net 4 /SCL3)
  (net 5 /SDA3)
  (net 6 /SCL2)
  (net 7 /SCL1)
  (net 8 /SDA1)
  (net 9 /UART-TX3)
  (net 10 /UART-RX3)
  (net 11 /UART-TX2)
  (net 12 /UART-RX2)
  (net 13 /UART-TX1)
  (net 14 /UART-RX1)
  (net 15 /CS2)
  (net 16 /CS1)
  (net 17 /RW)
  (net 18 /RS)
  (net 19 /E)
  (net 20 /IO10)
  (net 21 /IO11)
  (net 22 /CAN1TX)
  (net 23 /CAN1RX)
  (net 24 /IC2)
  (net 25 /IC1)
  (net 26 +BATT)
  (net 27 +12V)
  (net 28 +5VA)
  (net 29 +5VD)
  (net 30 +3V3)
  (net 31 /PWM0)
  (net 32 /PWM1)
  (net 33 /PWM2)
  (net 34 /PWM3)
  (net 35 /PWM4)
  (net 36 /IO8)
  (net 37 /IO0)
  (net 38 /IO1)
  (net 39 /IO2)
  (net 40 /IO3)
  (net 41 /IO4)
  (net 42 /IO5)
  (net 43 /IO6)
  (net 44 /IO7)
  (net 45 /LCD/BRD)
  (net 46 /LCD/BRW)
  (net 47 /LCD/BE)
  (net 48 /LCD/BRS)
  (net 49 /SPI/CLK)
  (net 50 /SPI/DI)
  (net 51 /SPI/DO)
  (net 52 /SPI/CS0)
  (net 53 "Net-(J901-Pad4)")
  (net 54 "Net-(J902-Pad4)")
  (net 55 "Net-(J903-Pad4)")
  (net 56 "Net-(J201-Pad4)")
  (net 57 "Net-(J201-Pad3)")
  (net 58 "Net-(R207-Pad2)")
  (net 59 "Net-(J202-Pad4)")
  (net 60 "Net-(J202-Pad3)")
  (net 61 "Net-(R208-Pad2)")
  (net 62 "Net-(R209-Pad2)")
  (net 63 "Net-(J203-Pad3)")
  (net 64 "Net-(J203-Pad4)")
  (net 65 "Net-(J901-Pad3)")
  (net 66 "Net-(J902-Pad3)")
  (net 67 "Net-(J903-Pad3)")
  (net 68 "Net-(J1003-Pad2)")
  (net 69 "Net-(J1004-Pad2)")
  (net 70 "Net-(J1005-Pad2)")
  (net 71 "Net-(J1006-Pad2)")
  (net 72 "Net-(J1007-Pad2)")
  (net 73 "Net-(J1008-Pad2)")
  (net 74 "Net-(J1009-Pad2)")
  (net 75 "Net-(J1010-Pad2)")
  (net 76 "Net-(J1011-Pad2)")
  (net 77 "Net-(J1012-Pad2)")
  (net 78 "Net-(J1013-Pad2)")
  (net 79 /LCD/CONT)
  (net 80 /LCD/BD0)
  (net 81 /LCD/BD1)
  (net 82 /LCD/BD2)
  (net 83 /LCD/BD3)
  (net 84 /LCD/BD4)
  (net 85 /LCD/BD5)
  (net 86 /LCD/BD6)
  (net 87 /LCD/BD7)
  (net 88 /LCD/BRETRO)
  (net 89 /D7)
  (net 90 /D6)
  (net 91 /D5)
  (net 92 /D4)
  (net 93 /D3)
  (net 94 /D2)
  (net 95 /D1)
  (net 96 /D0)
  (net 97 /SDO1)
  (net 98 /SDI1)
  (net 99 /SCK1)
  (net 100 /PWM/PWM0-5)
  (net 101 /PWM/PWM1-5)
  (net 102 /PWM/PWM2-5)
  (net 103 /PWM/PWM3-5)
  (net 104 /PWM/PWM4-5)
  (net 105 /7Seg/A)
  (net 106 /7Seg/B)
  (net 107 /7Seg/C)
  (net 108 /7Seg/D)
  (net 109 /7Seg/E)
  (net 110 /7Seg/F)
  (net 111 /7Seg/G)
  (net 112 /7Seg/DOT)
  (net 113 /7Seg/S8)
  (net 114 /7Seg/S7)
  (net 115 /7Seg/S6)
  (net 116 /7Seg/S5)
  (net 117 /7Seg/S4)
  (net 118 /7Seg/S3)
  (net 119 /7Seg/S2)
  (net 120 /7Seg/S1)
  (net 121 /7Seg/K1)
  (net 122 /SDA2)

  (net_class Default "This is the default net class."
    (clearance 0.2)
    (trace_width 0.25)
    (via_dia 0.8)
    (via_drill 0.4)
    (uvia_dia 0.3)
    (uvia_drill 0.1)
    (add_net +12V)
    (add_net +3V3)
    (add_net +5VA)
    (add_net +5VD)
    (add_net +BATT)
    (add_net /7Seg/A)
    (add_net /7Seg/B)
    (add_net /7Seg/C)
    (add_net /7Seg/D)
    (add_net /7Seg/DOT)
    (add_net /7Seg/E)
    (add_net /7Seg/F)
    (add_net /7Seg/G)
    (add_net /7Seg/K1)
    (add_net /7Seg/S1)
    (add_net /7Seg/S2)
    (add_net /7Seg/S3)
    (add_net /7Seg/S4)
    (add_net /7Seg/S5)
    (add_net /7Seg/S6)
    (add_net /7Seg/S7)
    (add_net /7Seg/S8)
    (add_net /CAN1RX)
    (add_net /CAN1TX)
    (add_net /CS1)
    (add_net /CS2)
    (add_net /D0)
    (add_net /D1)
    (add_net /D2)
    (add_net /D3)
    (add_net /D4)
    (add_net /D5)
    (add_net /D6)
    (add_net /D7)
    (add_net /E)
    (add_net /IC1)
    (add_net /IC2)
    (add_net /IO0)
    (add_net /IO1)
    (add_net /IO10)
    (add_net /IO11)
    (add_net /IO2)
    (add_net /IO3)
    (add_net /IO4)
    (add_net /IO5)
    (add_net /IO6)
    (add_net /IO7)
    (add_net /IO8)
    (add_net /IO9)
    (add_net /LCD/BD0)
    (add_net /LCD/BD1)
    (add_net /LCD/BD2)
    (add_net /LCD/BD3)
    (add_net /LCD/BD4)
    (add_net /LCD/BD5)
    (add_net /LCD/BD6)
    (add_net /LCD/BD7)
    (add_net /LCD/BE)
    (add_net /LCD/BRD)
    (add_net /LCD/BRETRO)
    (add_net /LCD/BRS)
    (add_net /LCD/BRW)
    (add_net /LCD/CONT)
    (add_net /PWM/PWM0-5)
    (add_net /PWM/PWM1-5)
    (add_net /PWM/PWM2-5)
    (add_net /PWM/PWM3-5)
    (add_net /PWM/PWM4-5)
    (add_net /PWM0)
    (add_net /PWM1)
    (add_net /PWM2)
    (add_net /PWM3)
    (add_net /PWM4)
    (add_net /RS)
    (add_net /RST)
    (add_net /RW)
    (add_net /SCK1)
    (add_net /SCL1)
    (add_net /SCL2)
    (add_net /SCL3)
    (add_net /SDA1)
    (add_net /SDA2)
    (add_net /SDA3)
    (add_net /SDI1)
    (add_net /SDO1)
    (add_net /SPI/CLK)
    (add_net /SPI/CS0)
    (add_net /SPI/DI)
    (add_net /SPI/DO)
    (add_net /UART-RX1)
    (add_net /UART-RX2)
    (add_net /UART-RX3)
    (add_net /UART-TX1)
    (add_net /UART-TX2)
    (add_net /UART-TX3)
    (add_net GND)
    (add_net "Net-(J1003-Pad2)")
    (add_net "Net-(J1004-Pad2)")
    (add_net "Net-(J1005-Pad2)")
    (add_net "Net-(J1006-Pad2)")
    (add_net "Net-(J1007-Pad2)")
    (add_net "Net-(J1008-Pad2)")
    (add_net "Net-(J1009-Pad2)")
    (add_net "Net-(J1010-Pad2)")
    (add_net "Net-(J1011-Pad2)")
    (add_net "Net-(J1012-Pad2)")
    (add_net "Net-(J1013-Pad2)")
    (add_net "Net-(J201-Pad3)")
    (add_net "Net-(J201-Pad4)")
    (add_net "Net-(J202-Pad3)")
    (add_net "Net-(J202-Pad4)")
    (add_net "Net-(J203-Pad3)")
    (add_net "Net-(J203-Pad4)")
    (add_net "Net-(J901-Pad3)")
    (add_net "Net-(J901-Pad4)")
    (add_net "Net-(J902-Pad3)")
    (add_net "Net-(J902-Pad4)")
    (add_net "Net-(J903-Pad3)")
    (add_net "Net-(J903-Pad4)")
    (add_net "Net-(R207-Pad2)")
    (add_net "Net-(R208-Pad2)")
    (add_net "Net-(R209-Pad2)")
  )

  (module Connector_JST:JST_GH_BM06B-GHS-TBT_1x06-1MP_P1.25mm_Vertical (layer F.Cu) (tedit 5B78AD87) (tstamp 61C28347)
    (at 125.349 75.311 90)
    (descr "JST GH series connector, BM06B-GHS-TBT (http://www.jst-mfg.com/product/pdf/eng/eGH.pdf), generated with kicad-footprint-generator")
    (tags "connector JST GH side entry")
    (path /61C2E239/61C3AB9A)
    (attr smd)
    (fp_text reference J1203 (at 0 -4 90) (layer F.SilkS) hide
      (effects (font (size 1 1) (thickness 0.15)))
    )
    (fp_text value Conn_01x06 (at 0 4 90) (layer F.Fab)
      (effects (font (size 1 1) (thickness 0.15)))
    )
    (fp_line (start -3.125 1.042893) (end -2.625 1.75) (layer F.Fab) (width 0.1))
    (fp_line (start -3.625 1.75) (end -3.125 1.042893) (layer F.Fab) (width 0.1))
    (fp_line (start 5.98 -3.3) (end -5.98 -3.3) (layer F.CrtYd) (width 0.05))
    (fp_line (start 5.98 3.3) (end 5.98 -3.3) (layer F.CrtYd) (width 0.05))
    (fp_line (start -5.98 3.3) (end 5.98 3.3) (layer F.CrtYd) (width 0.05))
    (fp_line (start -5.98 -3.3) (end -5.98 3.3) (layer F.CrtYd) (width 0.05))
    (fp_line (start 3.375 -0.5) (end 2.875 -0.5) (layer F.Fab) (width 0.1))
    (fp_line (start 3.375 0) (end 3.375 -0.5) (layer F.Fab) (width 0.1))
    (fp_line (start 2.875 0) (end 3.375 0) (layer F.Fab) (width 0.1))
    (fp_line (start 2.875 -0.5) (end 2.875 0) (layer F.Fab) (width 0.1))
    (fp_line (start 2.125 -0.5) (end 1.625 -0.5) (layer F.Fab) (width 0.1))
    (fp_line (start 2.125 0) (end 2.125 -0.5) (layer F.Fab) (width 0.1))
    (fp_line (start 1.625 0) (end 2.125 0) (layer F.Fab) (width 0.1))
    (fp_line (start 1.625 -0.5) (end 1.625 0) (layer F.Fab) (width 0.1))
    (fp_line (start 0.875 -0.5) (end 0.375 -0.5) (layer F.Fab) (width 0.1))
    (fp_line (start 0.875 0) (end 0.875 -0.5) (layer F.Fab) (width 0.1))
    (fp_line (start 0.375 0) (end 0.875 0) (layer F.Fab) (width 0.1))
    (fp_line (start 0.375 -0.5) (end 0.375 0) (layer F.Fab) (width 0.1))
    (fp_line (start -0.375 -0.5) (end -0.875 -0.5) (layer F.Fab) (width 0.1))
    (fp_line (start -0.375 0) (end -0.375 -0.5) (layer F.Fab) (width 0.1))
    (fp_line (start -0.875 0) (end -0.375 0) (layer F.Fab) (width 0.1))
    (fp_line (start -0.875 -0.5) (end -0.875 0) (layer F.Fab) (width 0.1))
    (fp_line (start -1.625 -0.5) (end -2.125 -0.5) (layer F.Fab) (width 0.1))
    (fp_line (start -1.625 0) (end -1.625 -0.5) (layer F.Fab) (width 0.1))
    (fp_line (start -2.125 0) (end -1.625 0) (layer F.Fab) (width 0.1))
    (fp_line (start -2.125 -0.5) (end -2.125 0) (layer F.Fab) (width 0.1))
    (fp_line (start -2.875 -0.5) (end -3.375 -0.5) (layer F.Fab) (width 0.1))
    (fp_line (start -2.875 0) (end -2.875 -0.5) (layer F.Fab) (width 0.1))
    (fp_line (start -3.375 0) (end -2.875 0) (layer F.Fab) (width 0.1))
    (fp_line (start -3.375 -0.5) (end -3.375 0) (layer F.Fab) (width 0.1))
    (fp_line (start 5.375 1.75) (end 5.375 -2.5) (layer F.Fab) (width 0.1))
    (fp_line (start -5.375 1.75) (end -5.375 -2.5) (layer F.Fab) (width 0.1))
    (fp_line (start -5.375 -2.5) (end 5.375 -2.5) (layer F.Fab) (width 0.1))
    (fp_line (start -4.215 -2.61) (end 4.215 -2.61) (layer F.SilkS) (width 0.12))
    (fp_line (start 5.485 1.86) (end 3.685 1.86) (layer F.SilkS) (width 0.12))
    (fp_line (start 5.485 0.26) (end 5.485 1.86) (layer F.SilkS) (width 0.12))
    (fp_line (start -3.685 1.86) (end -3.685 2.8) (layer F.SilkS) (width 0.12))
    (fp_line (start -5.485 1.86) (end -3.685 1.86) (layer F.SilkS) (width 0.12))
    (fp_line (start -5.485 0.26) (end -5.485 1.86) (layer F.SilkS) (width 0.12))
    (fp_line (start -5.375 1.75) (end 5.375 1.75) (layer F.Fab) (width 0.1))
    (fp_text user %R (at 0 -1.5 90) (layer F.Fab)
      (effects (font (size 1 1) (thickness 0.15)))
    )
    (pad 1 smd roundrect (at -3.125 1.95 90) (size 0.6 1.7) (layers F.Cu F.Paste F.Mask) (roundrect_rratio 0.25)
      (net 1 GND))
    (pad 2 smd roundrect (at -1.875 1.95 90) (size 0.6 1.7) (layers F.Cu F.Paste F.Mask) (roundrect_rratio 0.25)
      (net 30 +3V3))
    (pad 3 smd roundrect (at -0.625 1.95 90) (size 0.6 1.7) (layers F.Cu F.Paste F.Mask) (roundrect_rratio 0.25)
      (net 29 +5VD))
    (pad 4 smd roundrect (at 0.625 1.95 90) (size 0.6 1.7) (layers F.Cu F.Paste F.Mask) (roundrect_rratio 0.25)
      (net 28 +5VA))
    (pad 5 smd roundrect (at 1.875 1.95 90) (size 0.6 1.7) (layers F.Cu F.Paste F.Mask) (roundrect_rratio 0.25)
      (net 27 +12V))
    (pad 6 smd roundrect (at 3.125 1.95 90) (size 0.6 1.7) (layers F.Cu F.Paste F.Mask) (roundrect_rratio 0.25)
      (net 26 +BATT))
    (pad MP smd roundrect (at -4.975 -1.4 90) (size 1 2.8) (layers F.Cu F.Paste F.Mask) (roundrect_rratio 0.25))
    (pad MP smd roundrect (at 4.975 -1.4 90) (size 1 2.8) (layers F.Cu F.Paste F.Mask) (roundrect_rratio 0.25))
    (model ${KISYS3DMOD}/Connector_JST.3dshapes/JST_GH_BM06B-GHS-TBT_1x06-1MP_P1.25mm_Vertical.wrl
      (at (xyz 0 0 0))
      (scale (xyz 1 1 1))
      (rotate (xyz 0 0 0))
    )
  )

  (module Resistor_SMD:R_0603_1608Metric (layer B.Cu) (tedit 5F68FEEE) (tstamp 61BB61A4)
    (at 126.555 92.583 180)
    (descr "Resistor SMD 0603 (1608 Metric), square (rectangular) end terminal, IPC_7351 nominal, (Body size source: IPC-SM-782 page 72, https://www.pcb-3d.com/wordpress/wp-content/uploads/ipc-sm-782a_amendment_1_and_2.pdf), generated with kicad-footprint-generator")
    (tags resistor)
    (path /61C5020C/61C63101)
    (attr smd)
    (fp_text reference R1011 (at 0 1.43) (layer B.SilkS) hide
      (effects (font (size 1 1) (thickness 0.15)) (justify mirror))
    )
    (fp_text value 0 (at 0 -1.43) (layer B.Fab)
      (effects (font (size 1 1) (thickness 0.15)) (justify mirror))
    )
    (fp_line (start -0.8 -0.4125) (end -0.8 0.4125) (layer B.Fab) (width 0.1))
    (fp_line (start -0.8 0.4125) (end 0.8 0.4125) (layer B.Fab) (width 0.1))
    (fp_line (start 0.8 0.4125) (end 0.8 -0.4125) (layer B.Fab) (width 0.1))
    (fp_line (start 0.8 -0.4125) (end -0.8 -0.4125) (layer B.Fab) (width 0.1))
    (fp_line (start -0.237258 0.5225) (end 0.237258 0.5225) (layer B.SilkS) (width 0.12))
    (fp_line (start -0.237258 -0.5225) (end 0.237258 -0.5225) (layer B.SilkS) (width 0.12))
    (fp_line (start -1.48 -0.73) (end -1.48 0.73) (layer B.CrtYd) (width 0.05))
    (fp_line (start -1.48 0.73) (end 1.48 0.73) (layer B.CrtYd) (width 0.05))
    (fp_line (start 1.48 0.73) (end 1.48 -0.73) (layer B.CrtYd) (width 0.05))
    (fp_line (start 1.48 -0.73) (end -1.48 -0.73) (layer B.CrtYd) (width 0.05))
    (fp_text user %R (at 0 0) (layer B.Fab)
      (effects (font (size 0.4 0.4) (thickness 0.06)) (justify mirror))
    )
    (pad 1 smd roundrect (at -0.825 0 180) (size 0.8 0.95) (layers B.Cu B.Paste B.Mask) (roundrect_rratio 0.25)
      (net 29 +5VD))
    (pad 2 smd roundrect (at 0.825 0 180) (size 0.8 0.95) (layers B.Cu B.Paste B.Mask) (roundrect_rratio 0.25)
      (net 72 "Net-(J1007-Pad2)"))
    (model ${KISYS3DMOD}/Resistor_SMD.3dshapes/R_0603_1608Metric.wrl
      (at (xyz 0 0 0))
      (scale (xyz 1 1 1))
      (rotate (xyz 0 0 0))
    )
  )

  (module Resistor_SMD:R_0603_1608Metric (layer B.Cu) (tedit 5F68FEEE) (tstamp 61BB61D4)
    (at 123.19 92.583 180)
    (descr "Resistor SMD 0603 (1608 Metric), square (rectangular) end terminal, IPC_7351 nominal, (Body size source: IPC-SM-782 page 72, https://www.pcb-3d.com/wordpress/wp-content/uploads/ipc-sm-782a_amendment_1_and_2.pdf), generated with kicad-footprint-generator")
    (tags resistor)
    (path /61C5020C/61C6310B)
    (attr smd)
    (fp_text reference R1009 (at 0 1.43) (layer B.SilkS) hide
      (effects (font (size 1 1) (thickness 0.15)) (justify mirror))
    )
    (fp_text value 0 (at 0 -1.43) (layer B.Fab)
      (effects (font (size 1 1) (thickness 0.15)) (justify mirror))
    )
    (fp_line (start 1.48 -0.73) (end -1.48 -0.73) (layer B.CrtYd) (width 0.05))
    (fp_line (start 1.48 0.73) (end 1.48 -0.73) (layer B.CrtYd) (width 0.05))
    (fp_line (start -1.48 0.73) (end 1.48 0.73) (layer B.CrtYd) (width 0.05))
    (fp_line (start -1.48 -0.73) (end -1.48 0.73) (layer B.CrtYd) (width 0.05))
    (fp_line (start -0.237258 -0.5225) (end 0.237258 -0.5225) (layer B.SilkS) (width 0.12))
    (fp_line (start -0.237258 0.5225) (end 0.237258 0.5225) (layer B.SilkS) (width 0.12))
    (fp_line (start 0.8 -0.4125) (end -0.8 -0.4125) (layer B.Fab) (width 0.1))
    (fp_line (start 0.8 0.4125) (end 0.8 -0.4125) (layer B.Fab) (width 0.1))
    (fp_line (start -0.8 0.4125) (end 0.8 0.4125) (layer B.Fab) (width 0.1))
    (fp_line (start -0.8 -0.4125) (end -0.8 0.4125) (layer B.Fab) (width 0.1))
    (fp_text user %R (at 0 0) (layer B.Fab)
      (effects (font (size 0.4 0.4) (thickness 0.06)) (justify mirror))
    )
    (pad 2 smd roundrect (at 0.825 0 180) (size 0.8 0.95) (layers B.Cu B.Paste B.Mask) (roundrect_rratio 0.25)
      (net 30 +3V3))
    (pad 1 smd roundrect (at -0.825 0 180) (size 0.8 0.95) (layers B.Cu B.Paste B.Mask) (roundrect_rratio 0.25)
      (net 72 "Net-(J1007-Pad2)"))
    (model ${KISYS3DMOD}/Resistor_SMD.3dshapes/R_0603_1608Metric.wrl
      (at (xyz 0 0 0))
      (scale (xyz 1 1 1))
      (rotate (xyz 0 0 0))
    )
  )

  (module Resistor_SMD:R_0603_1608Metric (layer B.Cu) (tedit 5F68FEEE) (tstamp 61BB6204)
    (at 126.746 105.791 180)
    (descr "Resistor SMD 0603 (1608 Metric), square (rectangular) end terminal, IPC_7351 nominal, (Body size source: IPC-SM-782 page 72, https://www.pcb-3d.com/wordpress/wp-content/uploads/ipc-sm-782a_amendment_1_and_2.pdf), generated with kicad-footprint-generator")
    (tags resistor)
    (path /61C5020C/61C5E584)
    (attr smd)
    (fp_text reference R1008 (at 0 1.43) (layer B.SilkS) hide
      (effects (font (size 1 1) (thickness 0.15)) (justify mirror))
    )
    (fp_text value R (at 0 -1.43) (layer B.Fab)
      (effects (font (size 1 1) (thickness 0.15)) (justify mirror))
    )
    (fp_line (start -0.8 -0.4125) (end -0.8 0.4125) (layer B.Fab) (width 0.1))
    (fp_line (start -0.8 0.4125) (end 0.8 0.4125) (layer B.Fab) (width 0.1))
    (fp_line (start 0.8 0.4125) (end 0.8 -0.4125) (layer B.Fab) (width 0.1))
    (fp_line (start 0.8 -0.4125) (end -0.8 -0.4125) (layer B.Fab) (width 0.1))
    (fp_line (start -0.237258 0.5225) (end 0.237258 0.5225) (layer B.SilkS) (width 0.12))
    (fp_line (start -0.237258 -0.5225) (end 0.237258 -0.5225) (layer B.SilkS) (width 0.12))
    (fp_line (start -1.48 -0.73) (end -1.48 0.73) (layer B.CrtYd) (width 0.05))
    (fp_line (start -1.48 0.73) (end 1.48 0.73) (layer B.CrtYd) (width 0.05))
    (fp_line (start 1.48 0.73) (end 1.48 -0.73) (layer B.CrtYd) (width 0.05))
    (fp_line (start 1.48 -0.73) (end -1.48 -0.73) (layer B.CrtYd) (width 0.05))
    (fp_text user %R (at 0 0) (layer B.Fab)
      (effects (font (size 0.4 0.4) (thickness 0.06)) (justify mirror))
    )
    (pad 1 smd roundrect (at -0.825 0 180) (size 0.8 0.95) (layers B.Cu B.Paste B.Mask) (roundrect_rratio 0.25)
      (net 29 +5VD))
    (pad 2 smd roundrect (at 0.825 0 180) (size 0.8 0.95) (layers B.Cu B.Paste B.Mask) (roundrect_rratio 0.25)
      (net 71 "Net-(J1006-Pad2)"))
    (model ${KISYS3DMOD}/Resistor_SMD.3dshapes/R_0603_1608Metric.wrl
      (at (xyz 0 0 0))
      (scale (xyz 1 1 1))
      (rotate (xyz 0 0 0))
    )
  )

  (module Resistor_SMD:R_0603_1608Metric (layer B.Cu) (tedit 5F68FEEE) (tstamp 61BB6264)
    (at 123.444 105.791 180)
    (descr "Resistor SMD 0603 (1608 Metric), square (rectangular) end terminal, IPC_7351 nominal, (Body size source: IPC-SM-782 page 72, https://www.pcb-3d.com/wordpress/wp-content/uploads/ipc-sm-782a_amendment_1_and_2.pdf), generated with kicad-footprint-generator")
    (tags resistor)
    (path /61C5020C/61C5E58E)
    (attr smd)
    (fp_text reference R1006 (at 0 1.43) (layer B.SilkS) hide
      (effects (font (size 1 1) (thickness 0.15)) (justify mirror))
    )
    (fp_text value R (at 0 -1.43) (layer B.Fab)
      (effects (font (size 1 1) (thickness 0.15)) (justify mirror))
    )
    (fp_line (start 1.48 -0.73) (end -1.48 -0.73) (layer B.CrtYd) (width 0.05))
    (fp_line (start 1.48 0.73) (end 1.48 -0.73) (layer B.CrtYd) (width 0.05))
    (fp_line (start -1.48 0.73) (end 1.48 0.73) (layer B.CrtYd) (width 0.05))
    (fp_line (start -1.48 -0.73) (end -1.48 0.73) (layer B.CrtYd) (width 0.05))
    (fp_line (start -0.237258 -0.5225) (end 0.237258 -0.5225) (layer B.SilkS) (width 0.12))
    (fp_line (start -0.237258 0.5225) (end 0.237258 0.5225) (layer B.SilkS) (width 0.12))
    (fp_line (start 0.8 -0.4125) (end -0.8 -0.4125) (layer B.Fab) (width 0.1))
    (fp_line (start 0.8 0.4125) (end 0.8 -0.4125) (layer B.Fab) (width 0.1))
    (fp_line (start -0.8 0.4125) (end 0.8 0.4125) (layer B.Fab) (width 0.1))
    (fp_line (start -0.8 -0.4125) (end -0.8 0.4125) (layer B.Fab) (width 0.1))
    (fp_text user %R (at 0 0) (layer B.Fab)
      (effects (font (size 0.4 0.4) (thickness 0.06)) (justify mirror))
    )
    (pad 2 smd roundrect (at 0.825 0 180) (size 0.8 0.95) (layers B.Cu B.Paste B.Mask) (roundrect_rratio 0.25)
      (net 30 +3V3))
    (pad 1 smd roundrect (at -0.825 0 180) (size 0.8 0.95) (layers B.Cu B.Paste B.Mask) (roundrect_rratio 0.25)
      (net 71 "Net-(J1006-Pad2)"))
    (model ${KISYS3DMOD}/Resistor_SMD.3dshapes/R_0603_1608Metric.wrl
      (at (xyz 0 0 0))
      (scale (xyz 1 1 1))
      (rotate (xyz 0 0 0))
    )
  )

  (module Connector_JST:JST_GH_BM03B-GHS-TBT_1x03-1MP_P1.25mm_Vertical (layer F.Cu) (tedit 5B78AD87) (tstamp 61BB5C31)
    (at 124.968 111.887 180)
    (descr "JST GH series connector, BM03B-GHS-TBT (http://www.jst-mfg.com/product/pdf/eng/eGH.pdf), generated with kicad-footprint-generator")
    (tags "connector JST GH side entry")
    (path /61C5020C/61C631A6)
    (attr smd)
    (fp_text reference J1010 (at 0 -4) (layer F.SilkS) hide
      (effects (font (size 1 1) (thickness 0.15)))
    )
    (fp_text value Conn_01x03 (at 0 4) (layer F.Fab)
      (effects (font (size 1 1) (thickness 0.15)))
    )
    (fp_line (start -3.5 1.75) (end 3.5 1.75) (layer F.Fab) (width 0.1))
    (fp_line (start -3.61 0.26) (end -3.61 1.86) (layer F.SilkS) (width 0.12))
    (fp_line (start -3.61 1.86) (end -1.81 1.86) (layer F.SilkS) (width 0.12))
    (fp_line (start -1.81 1.86) (end -1.81 2.8) (layer F.SilkS) (width 0.12))
    (fp_line (start 3.61 0.26) (end 3.61 1.86) (layer F.SilkS) (width 0.12))
    (fp_line (start 3.61 1.86) (end 1.81 1.86) (layer F.SilkS) (width 0.12))
    (fp_line (start -2.34 -2.61) (end 2.34 -2.61) (layer F.SilkS) (width 0.12))
    (fp_line (start -3.5 -2.5) (end 3.5 -2.5) (layer F.Fab) (width 0.1))
    (fp_line (start -3.5 1.75) (end -3.5 -2.5) (layer F.Fab) (width 0.1))
    (fp_line (start 3.5 1.75) (end 3.5 -2.5) (layer F.Fab) (width 0.1))
    (fp_line (start -1.5 -0.5) (end -1.5 0) (layer F.Fab) (width 0.1))
    (fp_line (start -1.5 0) (end -1 0) (layer F.Fab) (width 0.1))
    (fp_line (start -1 0) (end -1 -0.5) (layer F.Fab) (width 0.1))
    (fp_line (start -1 -0.5) (end -1.5 -0.5) (layer F.Fab) (width 0.1))
    (fp_line (start -0.25 -0.5) (end -0.25 0) (layer F.Fab) (width 0.1))
    (fp_line (start -0.25 0) (end 0.25 0) (layer F.Fab) (width 0.1))
    (fp_line (start 0.25 0) (end 0.25 -0.5) (layer F.Fab) (width 0.1))
    (fp_line (start 0.25 -0.5) (end -0.25 -0.5) (layer F.Fab) (width 0.1))
    (fp_line (start 1 -0.5) (end 1 0) (layer F.Fab) (width 0.1))
    (fp_line (start 1 0) (end 1.5 0) (layer F.Fab) (width 0.1))
    (fp_line (start 1.5 0) (end 1.5 -0.5) (layer F.Fab) (width 0.1))
    (fp_line (start 1.5 -0.5) (end 1 -0.5) (layer F.Fab) (width 0.1))
    (fp_line (start -4.1 -3.3) (end -4.1 3.3) (layer F.CrtYd) (width 0.05))
    (fp_line (start -4.1 3.3) (end 4.1 3.3) (layer F.CrtYd) (width 0.05))
    (fp_line (start 4.1 3.3) (end 4.1 -3.3) (layer F.CrtYd) (width 0.05))
    (fp_line (start 4.1 -3.3) (end -4.1 -3.3) (layer F.CrtYd) (width 0.05))
    (fp_line (start -1.75 1.75) (end -1.25 1.042893) (layer F.Fab) (width 0.1))
    (fp_line (start -1.25 1.042893) (end -0.75 1.75) (layer F.Fab) (width 0.1))
    (fp_text user %R (at 0 -1.5) (layer F.Fab)
      (effects (font (size 1 1) (thickness 0.15)))
    )
    (pad 1 smd roundrect (at -1.25 1.95 180) (size 0.6 1.7) (layers F.Cu F.Paste F.Mask) (roundrect_rratio 0.25)
      (net 1 GND))
    (pad 2 smd roundrect (at 0 1.95 180) (size 0.6 1.7) (layers F.Cu F.Paste F.Mask) (roundrect_rratio 0.25)
      (net 75 "Net-(J1010-Pad2)"))
    (pad 3 smd roundrect (at 1.25 1.95 180) (size 0.6 1.7) (layers F.Cu F.Paste F.Mask) (roundrect_rratio 0.25)
      (net 36 /IO8))
    (pad MP smd roundrect (at -3.1 -1.4 180) (size 1 2.8) (layers F.Cu F.Paste F.Mask) (roundrect_rratio 0.25))
    (pad MP smd roundrect (at 3.1 -1.4 180) (size 1 2.8) (layers F.Cu F.Paste F.Mask) (roundrect_rratio 0.25))
    (model ${KISYS3DMOD}/Connector_JST.3dshapes/JST_GH_BM03B-GHS-TBT_1x03-1MP_P1.25mm_Vertical.wrl
      (at (xyz 0 0 0))
      (scale (xyz 1 1 1))
      (rotate (xyz 0 0 0))
    )
  )

  (module Connector_JST:JST_GH_BM03B-GHS-TBT_1x03-1MP_P1.25mm_Vertical (layer F.Cu) (tedit 5B78AD87) (tstamp 61BB5D7E)
    (at 124.968 92.075 180)
    (descr "JST GH series connector, BM03B-GHS-TBT (http://www.jst-mfg.com/product/pdf/eng/eGH.pdf), generated with kicad-footprint-generator")
    (tags "connector JST GH side entry")
    (path /61C5020C/61C62F25)
    (attr smd)
    (fp_text reference J1007 (at 0 -4) (layer F.SilkS) hide
      (effects (font (size 1 1) (thickness 0.15)))
    )
    (fp_text value Conn_01x03 (at 0 4) (layer F.Fab)
      (effects (font (size 1 1) (thickness 0.15)))
    )
    (fp_line (start -3.5 1.75) (end 3.5 1.75) (layer F.Fab) (width 0.1))
    (fp_line (start -3.61 0.26) (end -3.61 1.86) (layer F.SilkS) (width 0.12))
    (fp_line (start -3.61 1.86) (end -1.81 1.86) (layer F.SilkS) (width 0.12))
    (fp_line (start -1.81 1.86) (end -1.81 2.8) (layer F.SilkS) (width 0.12))
    (fp_line (start 3.61 0.26) (end 3.61 1.86) (layer F.SilkS) (width 0.12))
    (fp_line (start 3.61 1.86) (end 1.81 1.86) (layer F.SilkS) (width 0.12))
    (fp_line (start -2.34 -2.61) (end 2.34 -2.61) (layer F.SilkS) (width 0.12))
    (fp_line (start -3.5 -2.5) (end 3.5 -2.5) (layer F.Fab) (width 0.1))
    (fp_line (start -3.5 1.75) (end -3.5 -2.5) (layer F.Fab) (width 0.1))
    (fp_line (start 3.5 1.75) (end 3.5 -2.5) (layer F.Fab) (width 0.1))
    (fp_line (start -1.5 -0.5) (end -1.5 0) (layer F.Fab) (width 0.1))
    (fp_line (start -1.5 0) (end -1 0) (layer F.Fab) (width 0.1))
    (fp_line (start -1 0) (end -1 -0.5) (layer F.Fab) (width 0.1))
    (fp_line (start -1 -0.5) (end -1.5 -0.5) (layer F.Fab) (width 0.1))
    (fp_line (start -0.25 -0.5) (end -0.25 0) (layer F.Fab) (width 0.1))
    (fp_line (start -0.25 0) (end 0.25 0) (layer F.Fab) (width 0.1))
    (fp_line (start 0.25 0) (end 0.25 -0.5) (layer F.Fab) (width 0.1))
    (fp_line (start 0.25 -0.5) (end -0.25 -0.5) (layer F.Fab) (width 0.1))
    (fp_line (start 1 -0.5) (end 1 0) (layer F.Fab) (width 0.1))
    (fp_line (start 1 0) (end 1.5 0) (layer F.Fab) (width 0.1))
    (fp_line (start 1.5 0) (end 1.5 -0.5) (layer F.Fab) (width 0.1))
    (fp_line (start 1.5 -0.5) (end 1 -0.5) (layer F.Fab) (width 0.1))
    (fp_line (start -4.1 -3.3) (end -4.1 3.3) (layer F.CrtYd) (width 0.05))
    (fp_line (start -4.1 3.3) (end 4.1 3.3) (layer F.CrtYd) (width 0.05))
    (fp_line (start 4.1 3.3) (end 4.1 -3.3) (layer F.CrtYd) (width 0.05))
    (fp_line (start 4.1 -3.3) (end -4.1 -3.3) (layer F.CrtYd) (width 0.05))
    (fp_line (start -1.75 1.75) (end -1.25 1.042893) (layer F.Fab) (width 0.1))
    (fp_line (start -1.25 1.042893) (end -0.75 1.75) (layer F.Fab) (width 0.1))
    (fp_text user %R (at 0 -1.5) (layer F.Fab)
      (effects (font (size 1 1) (thickness 0.15)))
    )
    (pad 1 smd roundrect (at -1.25 1.95 180) (size 0.6 1.7) (layers F.Cu F.Paste F.Mask) (roundrect_rratio 0.25)
      (net 1 GND))
    (pad 2 smd roundrect (at 0 1.95 180) (size 0.6 1.7) (layers F.Cu F.Paste F.Mask) (roundrect_rratio 0.25)
      (net 72 "Net-(J1007-Pad2)"))
    (pad 3 smd roundrect (at 1.25 1.95 180) (size 0.6 1.7) (layers F.Cu F.Paste F.Mask) (roundrect_rratio 0.25)
      (net 39 /IO2))
    (pad MP smd roundrect (at -3.1 -1.4 180) (size 1 2.8) (layers F.Cu F.Paste F.Mask) (roundrect_rratio 0.25))
    (pad MP smd roundrect (at 3.1 -1.4 180) (size 1 2.8) (layers F.Cu F.Paste F.Mask) (roundrect_rratio 0.25))
    (model ${KISYS3DMOD}/Connector_JST.3dshapes/JST_GH_BM03B-GHS-TBT_1x03-1MP_P1.25mm_Vertical.wrl
      (at (xyz 0 0 0))
      (scale (xyz 1 1 1))
      (rotate (xyz 0 0 0))
    )
  )

  (module Resistor_SMD:R_0603_1608Metric (layer B.Cu) (tedit 5F68FEEE) (tstamp 61BB6144)
    (at 110.998 92.837 180)
    (descr "Resistor SMD 0603 (1608 Metric), square (rectangular) end terminal, IPC_7351 nominal, (Body size source: IPC-SM-782 page 72, https://www.pcb-3d.com/wordpress/wp-content/uploads/ipc-sm-782a_amendment_1_and_2.pdf), generated with kicad-footprint-generator")
    (tags resistor)
    (path /61C5020C/61C63199)
    (attr smd)
    (fp_text reference R1013 (at 0 1.43) (layer B.SilkS) hide
      (effects (font (size 1 1) (thickness 0.15)) (justify mirror))
    )
    (fp_text value 0 (at 0 -1.43) (layer B.Fab)
      (effects (font (size 1 1) (thickness 0.15)) (justify mirror))
    )
    (fp_line (start 1.48 -0.73) (end -1.48 -0.73) (layer B.CrtYd) (width 0.05))
    (fp_line (start 1.48 0.73) (end 1.48 -0.73) (layer B.CrtYd) (width 0.05))
    (fp_line (start -1.48 0.73) (end 1.48 0.73) (layer B.CrtYd) (width 0.05))
    (fp_line (start -1.48 -0.73) (end -1.48 0.73) (layer B.CrtYd) (width 0.05))
    (fp_line (start -0.237258 -0.5225) (end 0.237258 -0.5225) (layer B.SilkS) (width 0.12))
    (fp_line (start -0.237258 0.5225) (end 0.237258 0.5225) (layer B.SilkS) (width 0.12))
    (fp_line (start 0.8 -0.4125) (end -0.8 -0.4125) (layer B.Fab) (width 0.1))
    (fp_line (start 0.8 0.4125) (end 0.8 -0.4125) (layer B.Fab) (width 0.1))
    (fp_line (start -0.8 0.4125) (end 0.8 0.4125) (layer B.Fab) (width 0.1))
    (fp_line (start -0.8 -0.4125) (end -0.8 0.4125) (layer B.Fab) (width 0.1))
    (fp_text user %R (at 0 0) (layer B.Fab)
      (effects (font (size 0.4 0.4) (thickness 0.06)) (justify mirror))
    )
    (pad 2 smd roundrect (at 0.825 0 180) (size 0.8 0.95) (layers B.Cu B.Paste B.Mask) (roundrect_rratio 0.25)
      (net 30 +3V3))
    (pad 1 smd roundrect (at -0.825 0 180) (size 0.8 0.95) (layers B.Cu B.Paste B.Mask) (roundrect_rratio 0.25)
      (net 74 "Net-(J1009-Pad2)"))
    (model ${KISYS3DMOD}/Resistor_SMD.3dshapes/R_0603_1608Metric.wrl
      (at (xyz 0 0 0))
      (scale (xyz 1 1 1))
      (rotate (xyz 0 0 0))
    )
  )

  (module Resistor_SMD:R_0603_1608Metric (layer B.Cu) (tedit 5F68FEEE) (tstamp 61BB60E4)
    (at 114.363 92.837 180)
    (descr "Resistor SMD 0603 (1608 Metric), square (rectangular) end terminal, IPC_7351 nominal, (Body size source: IPC-SM-782 page 72, https://www.pcb-3d.com/wordpress/wp-content/uploads/ipc-sm-782a_amendment_1_and_2.pdf), generated with kicad-footprint-generator")
    (tags resistor)
    (path /61C5020C/61C6318F)
    (attr smd)
    (fp_text reference R1015 (at 0 1.43) (layer B.SilkS) hide
      (effects (font (size 1 1) (thickness 0.15)) (justify mirror))
    )
    (fp_text value 0 (at 0 -1.43) (layer B.Fab)
      (effects (font (size 1 1) (thickness 0.15)) (justify mirror))
    )
    (fp_line (start -0.8 -0.4125) (end -0.8 0.4125) (layer B.Fab) (width 0.1))
    (fp_line (start -0.8 0.4125) (end 0.8 0.4125) (layer B.Fab) (width 0.1))
    (fp_line (start 0.8 0.4125) (end 0.8 -0.4125) (layer B.Fab) (width 0.1))
    (fp_line (start 0.8 -0.4125) (end -0.8 -0.4125) (layer B.Fab) (width 0.1))
    (fp_line (start -0.237258 0.5225) (end 0.237258 0.5225) (layer B.SilkS) (width 0.12))
    (fp_line (start -0.237258 -0.5225) (end 0.237258 -0.5225) (layer B.SilkS) (width 0.12))
    (fp_line (start -1.48 -0.73) (end -1.48 0.73) (layer B.CrtYd) (width 0.05))
    (fp_line (start -1.48 0.73) (end 1.48 0.73) (layer B.CrtYd) (width 0.05))
    (fp_line (start 1.48 0.73) (end 1.48 -0.73) (layer B.CrtYd) (width 0.05))
    (fp_line (start 1.48 -0.73) (end -1.48 -0.73) (layer B.CrtYd) (width 0.05))
    (fp_text user %R (at 0 0) (layer B.Fab)
      (effects (font (size 0.4 0.4) (thickness 0.06)) (justify mirror))
    )
    (pad 1 smd roundrect (at -0.825 0 180) (size 0.8 0.95) (layers B.Cu B.Paste B.Mask) (roundrect_rratio 0.25)
      (net 29 +5VD))
    (pad 2 smd roundrect (at 0.825 0 180) (size 0.8 0.95) (layers B.Cu B.Paste B.Mask) (roundrect_rratio 0.25)
      (net 74 "Net-(J1009-Pad2)"))
    (model ${KISYS3DMOD}/Resistor_SMD.3dshapes/R_0603_1608Metric.wrl
      (at (xyz 0 0 0))
      (scale (xyz 1 1 1))
      (rotate (xyz 0 0 0))
    )
  )

  (module Resistor_SMD:R_0603_1608Metric (layer B.Cu) (tedit 5F68FEEE) (tstamp 61BB6054)
    (at 111.252 112.649 180)
    (descr "Resistor SMD 0603 (1608 Metric), square (rectangular) end terminal, IPC_7351 nominal, (Body size source: IPC-SM-782 page 72, https://www.pcb-3d.com/wordpress/wp-content/uploads/ipc-sm-782a_amendment_1_and_2.pdf), generated with kicad-footprint-generator")
    (tags resistor)
    (path /61C5020C/61C7593A)
    (attr smd)
    (fp_text reference R1018 (at 0 1.43) (layer B.SilkS) hide
      (effects (font (size 1 1) (thickness 0.15)) (justify mirror))
    )
    (fp_text value 0 (at 0 -1.43) (layer B.Fab)
      (effects (font (size 1 1) (thickness 0.15)) (justify mirror))
    )
    (fp_line (start 1.48 -0.73) (end -1.48 -0.73) (layer B.CrtYd) (width 0.05))
    (fp_line (start 1.48 0.73) (end 1.48 -0.73) (layer B.CrtYd) (width 0.05))
    (fp_line (start -1.48 0.73) (end 1.48 0.73) (layer B.CrtYd) (width 0.05))
    (fp_line (start -1.48 -0.73) (end -1.48 0.73) (layer B.CrtYd) (width 0.05))
    (fp_line (start -0.237258 -0.5225) (end 0.237258 -0.5225) (layer B.SilkS) (width 0.12))
    (fp_line (start -0.237258 0.5225) (end 0.237258 0.5225) (layer B.SilkS) (width 0.12))
    (fp_line (start 0.8 -0.4125) (end -0.8 -0.4125) (layer B.Fab) (width 0.1))
    (fp_line (start 0.8 0.4125) (end 0.8 -0.4125) (layer B.Fab) (width 0.1))
    (fp_line (start -0.8 0.4125) (end 0.8 0.4125) (layer B.Fab) (width 0.1))
    (fp_line (start -0.8 -0.4125) (end -0.8 0.4125) (layer B.Fab) (width 0.1))
    (fp_text user %R (at 0 0) (layer B.Fab)
      (effects (font (size 0.4 0.4) (thickness 0.06)) (justify mirror))
    )
    (pad 2 smd roundrect (at 0.825 0 180) (size 0.8 0.95) (layers B.Cu B.Paste B.Mask) (roundrect_rratio 0.25)
      (net 30 +3V3))
    (pad 1 smd roundrect (at -0.825 0 180) (size 0.8 0.95) (layers B.Cu B.Paste B.Mask) (roundrect_rratio 0.25)
      (net 77 "Net-(J1012-Pad2)"))
    (model ${KISYS3DMOD}/Resistor_SMD.3dshapes/R_0603_1608Metric.wrl
      (at (xyz 0 0 0))
      (scale (xyz 1 1 1))
      (rotate (xyz 0 0 0))
    )
  )

  (module Resistor_SMD:R_0603_1608Metric (layer B.Cu) (tedit 5F68FEEE) (tstamp 61BB5FF4)
    (at 114.554 112.649 180)
    (descr "Resistor SMD 0603 (1608 Metric), square (rectangular) end terminal, IPC_7351 nominal, (Body size source: IPC-SM-782 page 72, https://www.pcb-3d.com/wordpress/wp-content/uploads/ipc-sm-782a_amendment_1_and_2.pdf), generated with kicad-footprint-generator")
    (tags resistor)
    (path /61C5020C/61C75930)
    (attr smd)
    (fp_text reference R1020 (at 0 1.43) (layer B.SilkS) hide
      (effects (font (size 1 1) (thickness 0.15)) (justify mirror))
    )
    (fp_text value 0 (at 0 -1.43) (layer B.Fab)
      (effects (font (size 1 1) (thickness 0.15)) (justify mirror))
    )
    (fp_line (start -0.8 -0.4125) (end -0.8 0.4125) (layer B.Fab) (width 0.1))
    (fp_line (start -0.8 0.4125) (end 0.8 0.4125) (layer B.Fab) (width 0.1))
    (fp_line (start 0.8 0.4125) (end 0.8 -0.4125) (layer B.Fab) (width 0.1))
    (fp_line (start 0.8 -0.4125) (end -0.8 -0.4125) (layer B.Fab) (width 0.1))
    (fp_line (start -0.237258 0.5225) (end 0.237258 0.5225) (layer B.SilkS) (width 0.12))
    (fp_line (start -0.237258 -0.5225) (end 0.237258 -0.5225) (layer B.SilkS) (width 0.12))
    (fp_line (start -1.48 -0.73) (end -1.48 0.73) (layer B.CrtYd) (width 0.05))
    (fp_line (start -1.48 0.73) (end 1.48 0.73) (layer B.CrtYd) (width 0.05))
    (fp_line (start 1.48 0.73) (end 1.48 -0.73) (layer B.CrtYd) (width 0.05))
    (fp_line (start 1.48 -0.73) (end -1.48 -0.73) (layer B.CrtYd) (width 0.05))
    (fp_text user %R (at 0 0) (layer B.Fab)
      (effects (font (size 0.4 0.4) (thickness 0.06)) (justify mirror))
    )
    (pad 1 smd roundrect (at -0.825 0 180) (size 0.8 0.95) (layers B.Cu B.Paste B.Mask) (roundrect_rratio 0.25)
      (net 29 +5VD))
    (pad 2 smd roundrect (at 0.825 0 180) (size 0.8 0.95) (layers B.Cu B.Paste B.Mask) (roundrect_rratio 0.25)
      (net 77 "Net-(J1012-Pad2)"))
    (model ${KISYS3DMOD}/Resistor_SMD.3dshapes/R_0603_1608Metric.wrl
      (at (xyz 0 0 0))
      (scale (xyz 1 1 1))
      (rotate (xyz 0 0 0))
    )
  )

  (module Connector_JST:JST_GH_BM03B-GHS-TBT_1x03-1MP_P1.25mm_Vertical (layer F.Cu) (tedit 5B78AD87) (tstamp 61BB5ECB)
    (at 112.776 98.679 180)
    (descr "JST GH series connector, BM03B-GHS-TBT (http://www.jst-mfg.com/product/pdf/eng/eGH.pdf), generated with kicad-footprint-generator")
    (tags "connector JST GH side entry")
    (path /61C5020C/61C5B1A9)
    (attr smd)
    (fp_text reference J1004 (at 0 -4) (layer F.SilkS) hide
      (effects (font (size 1 1) (thickness 0.15)))
    )
    (fp_text value Conn_01x03 (at 0 4) (layer F.Fab)
      (effects (font (size 1 1) (thickness 0.15)))
    )
    (fp_line (start -3.5 1.75) (end 3.5 1.75) (layer F.Fab) (width 0.1))
    (fp_line (start -3.61 0.26) (end -3.61 1.86) (layer F.SilkS) (width 0.12))
    (fp_line (start -3.61 1.86) (end -1.81 1.86) (layer F.SilkS) (width 0.12))
    (fp_line (start -1.81 1.86) (end -1.81 2.8) (layer F.SilkS) (width 0.12))
    (fp_line (start 3.61 0.26) (end 3.61 1.86) (layer F.SilkS) (width 0.12))
    (fp_line (start 3.61 1.86) (end 1.81 1.86) (layer F.SilkS) (width 0.12))
    (fp_line (start -2.34 -2.61) (end 2.34 -2.61) (layer F.SilkS) (width 0.12))
    (fp_line (start -3.5 -2.5) (end 3.5 -2.5) (layer F.Fab) (width 0.1))
    (fp_line (start -3.5 1.75) (end -3.5 -2.5) (layer F.Fab) (width 0.1))
    (fp_line (start 3.5 1.75) (end 3.5 -2.5) (layer F.Fab) (width 0.1))
    (fp_line (start -1.5 -0.5) (end -1.5 0) (layer F.Fab) (width 0.1))
    (fp_line (start -1.5 0) (end -1 0) (layer F.Fab) (width 0.1))
    (fp_line (start -1 0) (end -1 -0.5) (layer F.Fab) (width 0.1))
    (fp_line (start -1 -0.5) (end -1.5 -0.5) (layer F.Fab) (width 0.1))
    (fp_line (start -0.25 -0.5) (end -0.25 0) (layer F.Fab) (width 0.1))
    (fp_line (start -0.25 0) (end 0.25 0) (layer F.Fab) (width 0.1))
    (fp_line (start 0.25 0) (end 0.25 -0.5) (layer F.Fab) (width 0.1))
    (fp_line (start 0.25 -0.5) (end -0.25 -0.5) (layer F.Fab) (width 0.1))
    (fp_line (start 1 -0.5) (end 1 0) (layer F.Fab) (width 0.1))
    (fp_line (start 1 0) (end 1.5 0) (layer F.Fab) (width 0.1))
    (fp_line (start 1.5 0) (end 1.5 -0.5) (layer F.Fab) (width 0.1))
    (fp_line (start 1.5 -0.5) (end 1 -0.5) (layer F.Fab) (width 0.1))
    (fp_line (start -4.1 -3.3) (end -4.1 3.3) (layer F.CrtYd) (width 0.05))
    (fp_line (start -4.1 3.3) (end 4.1 3.3) (layer F.CrtYd) (width 0.05))
    (fp_line (start 4.1 3.3) (end 4.1 -3.3) (layer F.CrtYd) (width 0.05))
    (fp_line (start 4.1 -3.3) (end -4.1 -3.3) (layer F.CrtYd) (width 0.05))
    (fp_line (start -1.75 1.75) (end -1.25 1.042893) (layer F.Fab) (width 0.1))
    (fp_line (start -1.25 1.042893) (end -0.75 1.75) (layer F.Fab) (width 0.1))
    (fp_text user %R (at 0 -1.5) (layer F.Fab)
      (effects (font (size 1 1) (thickness 0.15)))
    )
    (pad 1 smd roundrect (at -1.25 1.95 180) (size 0.6 1.7) (layers F.Cu F.Paste F.Mask) (roundrect_rratio 0.25)
      (net 1 GND))
    (pad 2 smd roundrect (at 0 1.95 180) (size 0.6 1.7) (layers F.Cu F.Paste F.Mask) (roundrect_rratio 0.25)
      (net 69 "Net-(J1004-Pad2)"))
    (pad 3 smd roundrect (at 1.25 1.95 180) (size 0.6 1.7) (layers F.Cu F.Paste F.Mask) (roundrect_rratio 0.25)
      (net 42 /IO5))
    (pad MP smd roundrect (at -3.1 -1.4 180) (size 1 2.8) (layers F.Cu F.Paste F.Mask) (roundrect_rratio 0.25))
    (pad MP smd roundrect (at 3.1 -1.4 180) (size 1 2.8) (layers F.Cu F.Paste F.Mask) (roundrect_rratio 0.25))
    (model ${KISYS3DMOD}/Connector_JST.3dshapes/JST_GH_BM03B-GHS-TBT_1x03-1MP_P1.25mm_Vertical.wrl
      (at (xyz 0 0 0))
